%YAML:1.0
---
R: !!opencv-matrix
   rows: 3
   cols: 3
   dt: d
   data: [ 9.9997023317288858e-01, 4.7391709238438877e-03,
       6.0887623630350189e-03, -4.8084895382392526e-03,
       9.9992321737375844e-01, 1.1420936269505902e-02,
       -6.0341690827787368e-03, -1.1449874054593979e-02,
       9.9991624108602939e-01 ]
T: !!opencv-matrix
   rows: 3
   cols: 1
   dt: d
   data: [ -3.3425631768076145e+00, 4.6707313884727542e-02,
       2.2128674043826028e-03 ]
R1: !!opencv-matrix
   rows: 3
   cols: 3
   dt: d
   data: [ 9.9994358118065896e-01, -9.2247756345566409e-03,
       5.2666849241966920e-03, 9.1944735878647516e-03,
       9.9994120334711423e-01, 5.7490437611175550e-03,
       -5.3194088995608870e-03, -5.7002950114250894e-03,
       9.9996960480093700e-01 ]
R2: !!opencv-matrix
   rows: 3
   cols: 3
   dt: d
   data: [ 9.9990216583743508e-01, -1.3972135108121567e-02,
       -6.6196233049704498e-04, 1.3968096735290064e-02,
       9.9988587316778355e-01, -5.7561196211211568e-03,
       7.4231206387804843e-04, 5.7463101221108927e-03,
       9.9998321430551040e-01 ]
P1: !!opencv-matrix
   rows: 3
   cols: 4
   dt: d
   data: [ 4.3977214502961061e+02, 0., 3.1922493362426758e+02, 0., 0.,
       4.3977214502961061e+02, 2.3982355880737305e+02, 0., 0., 0., 1.,
       0. ]
P2: !!opencv-matrix
   rows: 3
   cols: 4
   dt: d
   data: [ 4.3977214502961061e+02, 0., 3.1922493362426758e+02,
       -1.4701100051429057e+03, 0., 4.3977214502961061e+02,
       2.3982355880737305e+02, 0., 0., 0., 1., 0. ]
Q: !!opencv-matrix
   rows: 4
   cols: 4
   dt: d
   data: [ 1., 0., 0., -3.1922493362426758e+02, 0., 1., 0.,
       -2.3982355880737305e+02, 0., 0., 0., 4.3977214502961061e+02, 0.,
       0., 2.9914233866251488e-01, 0. ]
