%YAML:1.0
---
M1: !!opencv-matrix
   rows: 3
   cols: 3
   dt: d
   data: [ 5.3392448824714040e+02, 0., 3.2882415472720675e+02, 0.,
       5.2857636792862934e+02, 2.3724236749800409e+02, 0., 0., 1. ]
D1: !!opencv-matrix
   rows: 1
   cols: 14
   dt: d
   data: [ -2.5847772040779526e-01, -1.2969221432797565e-01, 0., 0., 0.,
       0., 0., -4.0469015970713773e-01, 0., 0., 0., 0., 0., 0. ]
M2: !!opencv-matrix
   rows: 3
   cols: 3
   dt: d
   data: [ 5.3392448824714040e+02, 0., 3.1406466878454154e+02, 0.,
       5.2857636792862934e+02, 2.4222537576075652e+02, 0., 0., 1. ]
D2: !!opencv-matrix
   rows: 1
   cols: 14
   dt: d
   data: [ -2.6275800466332688e-01, -1.3243222568006559e-02, 0., 0., 0.,
       0., 0., -1.9692458391196022e-01, 0., 0., 0., 0., 0., 0. ]
