%YAML:1.0
---
R: !!opencv-matrix
   rows: 3
   cols: 3
   dt: d
   data: [ 9.9792710612896740e-01, 1.4870266748394769e-03,
       6.4337233424610674e-02, -1.6764408502329320e-03,
       9.9999441813304335e-01, 2.8901987529943484e-03,
       -6.4332576500092054e-02, -2.9920652440171905e-03,
       9.9792402874489161e-01 ]
T: !!opencv-matrix
   rows: 3
   cols: 1
   dt: d
   data: [ -3.7406280551271665e+00, 1.5187746697575232e-02,
       5.9656504987998837e-01 ]
R1: !!opencv-matrix
   rows: 3
   cols: 3
   dt: d
   data: [ 9.9560379667332077e-01, -2.0698073304546032e-03,
       -9.3641849337162547e-02, 2.2253352049001010e-03,
       9.9999631260627331e-01, 1.5564887028716844e-03,
       9.3638282411067753e-02, -1.7580305660401213e-03,
       9.9560473150524642e-01 ]
R2: !!opencv-matrix
   rows: 3
   cols: 3
   dt: d
   data: [ 9.8751228028739069e-01, -4.0095102086379264e-03,
       -1.5749101596435539e-01, 3.8078836897789126e-03,
       9.9999149867876425e-01, -1.5819582813364789e-03,
       1.5749601996051563e-01, 9.6249575874472791e-04,
       9.8751915287679926e-01 ]
P1: !!opencv-matrix
   rows: 3
   cols: 4
   dt: d
   data: [ 1.4346281723486140e+02, 0., 2.1360656738281250e+02, 0., 0.,
       1.4346281723486140e+02, 1.2223234939575195e+02, 0., 0., 0., 1.,
       0. ]
P2: !!opencv-matrix
   rows: 3
   cols: 4
   dt: d
   data: [ 1.4346281723486140e+02, 0., 2.1360656738281250e+02,
       -5.4342720564460001e+02, 0., 1.4346281723486140e+02,
       1.2223234939575195e+02, 0., 0., 0., 1., 0. ]
Q: !!opencv-matrix
   rows: 4
   cols: 4
   dt: d
   data: [ 1., 0., 0., -2.1360656738281250e+02, 0., 1., 0.,
       -1.2223234939575195e+02, 0., 0., 0., 1.4346281723486140e+02, 0.,
       0., 2.6399638395852731e-01, 0. ]
