%YAML:1.0
---
M1: !!opencv-matrix
   rows: 3
   cols: 3
   dt: d
   data: [ 2.2571829658808537e+02, 0., 1.6062526079470132e+02, 0.,
       2.2341896648870656e+02, 1.1627883464465717e+02, 0., 0., 1. ]
D1: !!opencv-matrix
   rows: 1
   cols: 14
   dt: d
   data: [ -2.9933155560736613e-01, -7.2345826595727469e-02, 0., 0., 0.,
       0., 0., -2.0075440978407244e-01, 0., 0., 0., 0., 0., 0. ]
M2: !!opencv-matrix
   rows: 3
   cols: 3
   dt: d
   data: [ 2.2571829658808537e+02, 0., 1.6309502914651463e+02, 0.,
       2.2341896648870656e+02, 1.2868959866419445e+02, 0., 0., 1. ]
D2: !!opencv-matrix
   rows: 1
   cols: 14
   dt: d
   data: [ -2.9925701682102385e-01, 1.5408148600511843e-02, 0., 0., 0.,
       0., 0., -9.6906995163073995e-02, 0., 0., 0., 0., 0., 0. ]
